# STO-3G Basis Set

! H     1
S   3   1.00
    3.42525091              0.15432897       
    0.62391373              0.53532814       
    0.16885540              0.44463454       

! He    2
S   3   1.00
    6.36242139              0.15432897       
    1.15892300              0.53532814       
    0.31364979              0.44463454            

! Li    3
S   3   1.00
   16.1195750               0.15432897       
    2.9362007               0.53532814       
    0.7946505               0.44463454
P   3   1.00
    0.6362897               0.15432897       
    0.1478601               0.53532814       
    0.0480887               0.44463454 

! Be    4
S   3   1.00
   30.1678710               0.15432897       
    5.4951153               0.53532814       
    1.4885166               0.44463454
P   3   1.00
    1.3148331               0.15432897       
    0.3055389               0.53532814       
    0.0993707               0.44463454

! B     5
S   3   1.00
   48.7911130               0.15432897       
    8.8873620               0.53532814       
    2.4052670               0.44463454       
P   3   1.00
    3.7804559               0.15432897       
    0.8784966               0.53532814       
    0.2857144               0.44463454       

! C     6
S   3   1.00
   71.6168370               0.15432897       
   13.0450960               0.53532814       
    3.5305122               0.44463454       
P   3   1.00
    6.1515893               0.15432897       
    1.4137338               0.53532814       
    0.4581633               0.44463454       

! N     7
S   3   1.00
  101.7255800               0.15432897       
   18.7560950               0.53532814       
    5.0957638               0.44463454       
P   3   1.00
    9.4680979               0.15432897       
    2.1827829               0.53532814       
    0.7076604               0.44463454       

! O     8
S   3   1.00
  130.7093200               0.15432897       
   23.8088610               0.53532814       
    6.4436083               0.44463454       
P   3   1.00
   15.1218200               0.15432897       
    3.5139870               0.53532814       
    1.1428570               0.44463454       

# End of Basis Set